"Col1","Col2","Col3","Col4","Col5","Col6","Col7","Col8","Col9","Col10","Col11","Platform"
"2004_RDTEN_BA_4_book.summary - Feb 2003",NA,NA,NA,NA,NA,NA,NA,NA,NA,NA,"LW155 M777"
"Other Program Funding Summary","FY 2002","FY2003","FY 2004","FY 2005","FY 2006","FY 2007","FY 2008","FY 2009","To Complete","Total Cost","LW155 M777"
"PMC, BLI#218500, LW 155","0","62.02","111.489","175.543","177.071","73.585","0","0","0","599.708","LW155 M777"
